1351727964
581869302
1742863086
1438850937
545404204
2013771743
1775435781
949333985
568478650
1323567403
418932835
202810917
1196140740
809094426
201354591
2116909072
1964976871
2132285156
1996681049
2008734458
676943009
969970961
2021180595
2066350391
1963517098
471852626
2084672536
1280354905
1289694812
1275731771
609397212
20544909
1811450929
483031418
1785570478
600279047
1255020905
1625347245
1973504939
15731080
668901196
1279593658
153380495
1551745920
1499498949
910208076
1863986797
778933286
767661659
1712568902
1106985410
1033572045
1044246012
2039073006
1684602222
1812852786
667772468
746745227
735241234
1296707006
884961191
1276807513
136721026
1359573808
1189375152
1599569602
198304612
640439652
417177801
2122008025
1389240777
1382563994
836782561
537655879
1361931891
1132797678
1933688961
2107063880
147944788
702680360
1884392678
540721923
1638781099
902841100
1140385938
219972873
1267873934
156513983
802611720
1755486969
2103522059
1967048444
1913778154
2094092595
628409599
1262612888
899215094
1807643463
1093870952
1320835696
1185518681
883793681
771817130
12105075
666140854
904966252
698412071
618307600
511091141
1958646067
2140457296
1176465110
1974585249
316773880
1461945556
1618160776
366222184
1323603651
961264978
76338300
1079183806
1379741027
1095625157
1378000675
25585315
1890103561
855028007
1772389185
1678916694
1817480335
1972641633
347706282
202789172
678852156
595387438
1124127003
641212874
988512770
1105989508
1330299757
1463369446
2098184298
1092133642
1427854500
1349843055
1287767370
1045931779
58150106
1843673237
933029415
1503168825
1749618140
844370145
1496657770
1078396938
1954285597
498408069
1197856543
2032760103
2093623155
1510366103
290319951
1420898143
1260992010
366206486
405889704
213561267
999862911
1791833145
838518850
1227669233
772320120
1104666576
1685003584
1089758148
264387201
1634002467
893645500
291291731
117559519
325791709
1736062366
231714000
1515103006
132274485
398675522
1199014128
1530490810
1864061670
1997015361
557942923
663307952
295595364
1696117849
2016017442
1663423246
51119001
974763107
1447930741
1668894615
696567687
1836067774
1263942477
1873110678
1336658413
1557690952
122548885
516942320
711455903
513451233
438009096
2027039028
1129453058
1461232481
661764676
128170364
812670082
928145480
1065802967
2097573540
1935061435
947012205
360010077
1772006835
983448591
23615900
1775270450
250262402
654458600
13701036
1399373250
1986311591
164679494
200110952
2130882377
1922360368
335761339
1522355396
1901288696
447670816
458070173
2141230976
1983837138
2061264776
19903848
147391738
1180731455
2048708138
1362806968
1559873971
1583531709
771031213
362649214
1487061100
1717053387
1528472072
1116134897
193529268
1288784292
687707991
1852908272
1073488305
1763717992
571213604
781027019
2071722846
1133024903
409547355
625085180
1214072539
584409985
1297558880
1586097963
333104904
342328605
547111565
214147948
34763086
622576118
774327024
1516257096
145741588
524222797
1884059696
1507329019
857065948
56906355
592711182
1725752375
1642107460
326274448
1127090836
1030432041
173822100
529650788
1086437636
789877945
20491266
1030588245
1385577717
1792148406
2068985056
213264131
1389230427
1729652525
1296338417
1910346455
205919137
2108245233
1064497347
2101324080
189219516
1450493809
1665271060
1718218197
1476779561
1585902852
142887412
477612192
699530444
1203673441
1620765671
1673915577
903239649
1038056164
1171465372
1734789440
2115022236
414269055
959581346
566820984
2105828892
1898592801
1953966913
1959082923
652700475
323018450
1105969695
256751188
1869365987
1008372035
227123060
1516804538
228288551
1379517899
1385173098
66157275
1739381798
184785808
1754209018
725806641
1327734349
640446099
1109372433
995240081
557686578
634564075
2118822689
1936702581
1625646963
201901645
938321289
1272688179
1236112995
1050947596
530151766
811555596
1339488548
802194395
1342211552
788174404
1656614077
1582629285
1477167035
539527597
1356217805
1203567676
727074127
348432514
1629591495
1844198703
1969229192
1184176936
1304012077
2090754125
1763363188
1871998370
2098597104
1918921592
1098609239
1315760974
464122393
36544410
1690455542
46263499
1589940050
1364200630
1549884962
1266291271
1791507806
619841662
188143203
1626114941
601913200
1338227894
858447440
140984828
1928118565
1506361431
2105006227
1885497359
1031118352
1614662083
70955369
215419854
1669089455
526026489
1201256685
373854146
2047144929
892246357
172391422
1293843163
79245769
2022600352
1718773749
989939126
835351312
1478794988
1657849297
836506264
1895040349
970326679
634920763
733185481
1028655248
977810701
1287000587
1871311609
2031584214
1336174158
385787519
1818401727
620839814
1847726660
571504089
793780050
362418932
1738950516
973473154
2060503599
1523159183
1884932179
774840638
477253416
890439164
1108379444
697195677
1755438379
574393398
407575535
1930828628
1126190880
180621093
441707689
1277169112
907164864
719646637
952394946
1422554532
504304985
1395707758
1274213163
669069565
1369142370
1804702100
1821782344
1210790587
33751076
486158240
367287522
2119715473
1127352639
779850007
1292847949
1129281836
125500149
1142120513
1841914519
1048565860
989263546
432668526
2098559576
1478877150
337262560
1209580219
1019125185
2012795086
1970740713
918146921
1988950136
454958197
201029038
973030509
90777717
815637919
994690313
1724736366
2099799816
1775069742
532834019
730798472
769381295
1284417767
1698724919
586128038
1578128411
651006053
2095866727
1156390648
162087183
1649132583
1654283997
1972341776
1775053411
77594039
1272100044
355822512
423966005
1146129570
1124728190
1407880681
1440346680
554334954
771925675
1253962019
586491243
1490824590
950164893
991125519
458538714
8479921
660382807
6862945
2122460897
53853750
1198518030
1230879976
923577245
423909157
1733966614
1652511030
1678999361
1526211009
1435219366
944767975
853606850
281084412
849586749
59524752
131172352
1820973075
1048290957
815190201
96362
1090677336
2061249893
1724513375
1738268776
1135918139
471873640
1865092066
505373287
2029480458
1543792941
476381427
1312067090
2097670126
329516409
62361065
785646024
1052349661
1030500157
1430246618
1660056113
10146328
123154542
412565683
2104110449
1332109867
721241591
1988559211
2055917747
998151922
913515784
1060445491
2025624
1385268511
2023309182
1366796638
256061060
1943352588
781563360
149125755
182240337
1596890971
306855912
1866604168
92985347
717749521
415452309
1244206523
1366437658
281425419
1363854383
995954022
955370765
879281683
643667197
837979907
685499357
1813414171
79864659
1872842239
2031410264
610818241
639913576
614957732
1289910009
2030369078
1949046312
1876612561
1857107382
1049344864
1397212127
25423694
358500115
1747811571
571965125
328582064
744698407
918710343
1679065087
503391284
1423265157
812110431
1302940157
1705023874
259721746
1192558045
1714799045
1538024788
115430797
1756369214
1790140070
503709834
673708104
776610414
549641387
64526384
1254062056
1394282562
1853927671
1543286708
66516686
1357712266
2079037871
1260092911
717982876
739240369
456195732
2116515161
1599487648
838913496
850912042
1564688765
2103192411
877020153
1458113119
499385623
1939738055
1623714751
1805312353
1685641891
226245966
1918034706
1021592761
715963611
1155859114
2026698003
1816065125
274727130
205603946
422491259
1901540872
563593555
1794197249
286806729
2074694543
233561484
1294739153
1333544226
863712591
518183212
714419922
1021303795
168046883
1042490149
850856717
1386669478
715231956
796613230
765073073
1342937225
549817636
1639498172
2143533953
748238905
734959362
1027775180
140019477
268621172
262851128
565052604
1640104157
386344800
726602419
35710270
817904650
1960697289
1584484509
576828370
1978802819
127831078
2068619238
2138332912
671754166
1442240992
1526958817
1085868016
621758963
1003628378
1616076847
743729558
820011032
412235386
1839332599
974498632
2070268989
1621664085
518022934
889744251
384431719
1008310588
971468687
2052976098
1651926578
78218926
356423793
1062279409
1081499040
664532722
1247433164
335294964
502901523
2030527826
1139372809
2132344176
1393185447
137857807
2073023506
1715564583
988911015
1172100557
1476940506
875141230
361075014
1748518218
462864388
1609807693
1745080220
1495030389
1630600342
1403162576
1364771220
1403323269
1119818229
683804405
405256995
372652761
96690857
210381252
1826474872
1159493704
1343117402
2112059492
693571694
2096734379
767794921
1843084587
1816280216
1695342628
404711915
1187360036
423155905
2039054563
2022604264
1067321532
841595881
577681707
858511788
310011850
594985058
572790998
144327376
124213171
295519962
1272030376
1372670420
1397272558
132561071
563155786
663339256
2123884617
1750711132
68924891
1374308870
964022218
937844543
1054735512
2012833557
1427385632
134578107
1067768020
1396490078
785835071
453673969
778554608
476563810
338625410
1197446506
1971116345
1818716442
851034280
390083048
291563131
1144486353
296954266
659950561
116148018
1206908601
1125491020
1890151284
2076080514
116577198
561805191
1964622705
405620012
1612208738
517035386
77533200
2017935433
1905344646
1100721285
591456085
1151808775
1965780489
965963843
1033828852
1785686386
756439527
2038900010
1241522880
238119113
737910453
488527374
838122055
2107193353
292026696
1737206326
1094315383
1869231057
962244585
1796484402
720836070
1304919603
1479153046
1245977643
1479454799
971639318
1204822751
1928233566
753045487
43417450
28842068
990556577
438818884
910021020
1661169605
2080708115
1786668779
666635824
4943754
1171095774
1986204006
2014406505
1822565279
12890078
1979620724
1917376192
1160327187
2022689723
1385005883
1308519769
1222945958
923886311
2024463563
1063369787
153599761
1316197137
755374878
2088947962
952443494
1750207400
2033606872
926120766
655932557
172881397
1465119024
957881806
461233171
1218456091
823539591
184091306
1024035481
1099188151
1043031086
1425831588
1792823898
1296062101
1155610704
1533614417
1140313910
63959365
810297004
1653316158
1234795257
399805366
391329364
370300179
327316795
1824828277
787539107
1776912031
200115891
2064834626
1828491430
1718081877
620377013
1931509430
634012865
1866257584
768871108
35752471
583199471
1193116278
1912008259
111492530
897368671
377429054
898858049
643303511
1014602604
1409764839
512802978
477082227
460866922
533747000
1933326657
2035449679
1970210993
142719489
695547405
697074402
1160867441
894459720
1504174920
295229952
695825938
884572473
1787387521
1861566286
1468574536
48071792
1429866865
297480282
1101405687
1473439254
487310144
1341017984
