96362
2025624
4943754
6862945
8479921
10146328
12105075
12890078
13701036
15731080
19903848
20491266
20544909
23615900
25423694
25585315
28842068
33751076
34763086
35710270
35752471
36544410
43417450
46263499
48071792
51119001
53853750
56906355
58150106
59524752
62361065
63959365
64526384
66157275
66516686
68924891
70955369
76338300
77533200
77594039
78218926
79245769
79864659
90777717
92985347
96690857
111492530
115430797
116148018
116577198
117559519
122548885
123154542
124213171
125500149
127831078
128170364
131172352
132274485
132561071
134578107
136721026
137857807
140019477
140984828
142719489
142887412
144327376
145741588
147391738
147944788
149125755
153380495
153599761
156513983
162087183
164679494
168046883
172391422
172881397
173822100
180621093
182240337
184091306
184785808
188143203
189219516
193529268
198304612
200110952
200115891
201029038
201354591
201901645
202789172
202810917
205603946
205919137
210381252
213264131
213561267
214147948
215419854
219972873
226245966
227123060
228288551
231714000
233561484
238119113
250262402
256061060
256751188
259721746
262851128
264387201
268621172
274727130
281084412
281425419
286806729
290319951
291291731
291563131
292026696
295229952
295519962
295595364
296954266
297480282
306855912
310011850
316773880
323018450
325791709
326274448
327316795
328582064
329516409
333104904
335294964
335761339
337262560
338625410
342328605
347706282
348432514
355822512
356423793
358500115
360010077
361075014
362418932
362649214
366206486
366222184
367287522
370300179
372652761
373854146
377429054
384431719
385787519
386344800
390083048
391329364
398675522
399805366
404711915
405256995
405620012
405889704
407575535
409547355
412235386
412565683
414269055
415452309
417177801
418932835
422491259
423155905
423909157
423966005
432668526
438009096
438818884
441707689
447670816
453673969
454958197
456195732
458070173
458538714
460866922
461233171
462864388
464122393
471852626
471873640
476381427
476563810
477082227
477253416
477612192
483031418
486158240
487310144
488527374
498408069
499385623
502901523
503391284
503709834
504304985
505373287
511091141
512802978
513451233
516942320
517035386
518022934
518183212
524222797
526026489
529650788
530151766
532834019
533747000
537655879
539527597
540721923
545404204
547111565
549641387
549817636
554334954
557686578
557942923
561805191
563155786
563593555
565052604
566820984
568478650
571213604
571504089
571965125
572790998
574393398
576828370
577681707
581869302
583199471
584409985
586128038
586491243
591456085
592711182
594985058
595387438
600279047
601913200
609397212
610818241
614957732
618307600
619841662
620377013
620839814
621758963
622576118
625085180
628409599
634012865
634564075
634920763
639913576
640439652
640446099
641212874
643303511
643667197
651006053
652700475
654458600
655932557
659950561
660382807
661764676
663307952
663339256
664532722
666140854
666635824
667772468
668901196
669069565
671754166
673708104
676943009
678852156
683804405
685499357
687707991
693571694
695547405
695825938
696567687
697074402
697195677
698412071
699530444
702680360
711455903
714419922
715231956
715963611
717749521
717982876
719646637
720836070
721241591
725806641
726602419
727074127
730798472
733185481
734959362
735241234
737910453
739240369
743729558
744698407
746745227
748238905
753045487
755374878
756439527
765073073
767661659
767794921
768871108
769381295
771031213
771817130
771925675
772320120
774327024
774840638
776610414
778554608
778933286
779850007
781027019
781563360
785646024
785835071
787539107
788174404
789877945
793780050
796613230
802194395
802611720
809094426
810297004
811555596
812110431
812670082
815190201
815637919
817904650
820011032
823539591
835351312
836506264
836782561
837979907
838122055
838518850
838913496
841595881
844370145
849586749
850856717
850912042
851034280
853606850
855028007
857065948
858447440
858511788
863712591
875141230
877020153
879281683
883793681
884572473
884961191
889744251
890439164
892246357
893645500
894459720
897368671
898858049
899215094
902841100
903239649
904966252
907164864
910021020
910208076
913515784
918146921
918710343
923577245
923886311
926120766
928145480
933029415
937844543
938321289
944767975
947012205
949333985
950164893
952394946
952443494
955370765
957881806
959581346
961264978
962244585
964022218
965963843
969970961
970326679
971468687
971639318
973030509
973473154
974498632
974763107
977810701
983448591
988512770
988911015
989263546
989939126
990556577
991125519
994690313
995240081
995954022
998151922
999862911
1003628378
1008310588
1008372035
1014602604
1019125185
1021303795
1021592761
1024035481
1027775180
1028655248
1030432041
1030500157
1030588245
1031118352
1033572045
1033828852
1038056164
1042490149
1043031086
1044246012
1045931779
1048290957
1048565860
1049344864
1050947596
1052349661
1054735512
1060445491
1062279409
1063369787
1064497347
1065802967
1067321532
1067768020
1073488305
1078396938
1079183806
1081499040
1085868016
1086437636
1089758148
1090677336
1092133642
1093870952
1094315383
1095625157
1098609239
1099188151
1100721285
1101405687
1104666576
1105969695
1105989508
1106985410
1108379444
1109372433
1116134897
1119818229
1124127003
1124728190
1125491020
1126190880
1127090836
1127352639
1129281836
1129453058
1132797678
1133024903
1135918139
1139372809
1140313910
1140385938
1142120513
1144486353
1146129570
1151808775
1155610704
1155859114
1156390648
1159493704
1160327187
1160867441
1171095774
1171465372
1172100557
1176465110
1180731455
1184176936
1185518681
1187360036
1189375152
1192558045
1193116278
1196140740
1197446506
1197856543
1198518030
1199014128
1201256685
1203567676
1203673441
1204822751
1206908601
1209580219
1210790587
1214072539
1218456091
1222945958
1227669233
1230879976
1234795257
1236112995
1241522880
1244206523
1245977643
1247433164
1253962019
1254062056
1255020905
1260092911
1260992010
1262612888
1263942477
1266291271
1267873934
1272030376
1272100044
1272688179
1274213163
1275731771
1276807513
1277169112
1279593658
1280354905
1284417767
1287000587
1287767370
1288784292
1289694812
1289910009
1292847949
1293843163
1294739153
1296062101
1296338417
1296707006
1297558880
1302940157
1304012077
1304919603
1308519769
1312067090
1315760974
1316197137
1320835696
1323567403
1323603651
1327734349
1330299757
1332109867
1333544226
1336174158
1336658413
1338227894
1339488548
1341017984
1342211552
1342937225
1343117402
1349843055
1351727964
1356217805
1357712266
1359573808
1361931891
1362806968
1363854383
1364200630
1364771220
1366437658
1366796638
1369142370
1372670420
1374308870
1378000675
1379517899
1379741027
1382563994
1385005883
1385173098
1385268511
1385577717
1386669478
1389230427
1389240777
1393185447
1394282562
1395707758
1396490078
1397212127
1397272558
1399373250
1403162576
1403323269
1407880681
1409764839
1420898143
1422554532
1423265157
1425831588
1427385632
1427854500
1429866865
1430246618
1435219366
1438850937
1440346680
1442240992
1447930741
1450493809
1458113119
1461232481
1461945556
1463369446
1465119024
1468574536
1473439254
1476779561
1476940506
1477167035
1478794988
1478877150
1479153046
1479454799
1487061100
1490824590
1495030389
1496657770
1499498949
1503168825
1504174920
1506361431
1507329019
1510366103
1515103006
1516257096
1516804538
1522355396
1523159183
1526211009
1526958817
1528472072
1530490810
1533614417
1538024788
1543286708
1543792941
1549884962
1551745920
1557690952
1559873971
1564688765
1578128411
1582629285
1583531709
1584484509
1585902852
1586097963
1589940050
1596890971
1599487648
1599569602
1609807693
1612208738
1614662083
1616076847
1618160776
1620765671
1621664085
1623714751
1625347245
1625646963
1626114941
1629591495
1630600342
1634002467
1638781099
1639498172
1640104157
1642107460
1649132583
1651926578
1652511030
1653316158
1654283997
1656614077
1657849297
1660056113
1661169605
1663423246
1665271060
1668894615
1669089455
1673915577
1678916694
1678999361
1679065087
1684602222
1685003584
1685641891
1690455542
1695342628
1696117849
1698724919
1705023874
1712568902
1714799045
1715564583
1717053387
1718081877
1718218197
1718773749
1724513375
1724736366
1725752375
1729652525
1733966614
1734789440
1736062366
1737206326
1738268776
1738950516
1739381798
1742863086
1745080220
1747811571
1748518218
1749618140
1750207400
1750711132
1754209018
1755438379
1755486969
1756369214
1763363188
1763717992
1772006835
1772389185
1775053411
1775069742
1775270450
1775435781
1776912031
1785570478
1785686386
1786668779
1787387521
1790140070
1791507806
1791833145
1792148406
1792823898
1794197249
1796484402
1804702100
1805312353
1807643463
1811450929
1812852786
1813414171
1816065125
1816280216
1817480335
1818401727
1818716442
1820973075
1821782344
1822565279
1824828277
1826474872
1828491430
1836067774
1839332599
1841914519
1843084587
1843673237
1844198703
1847726660
1852908272
1853927671
1857107382
1861566286
1863986797
1864061670
1865092066
1866257584
1866604168
1869231057
1869365987
1871311609
1871998370
1872842239
1873110678
1876612561
1884059696
1884392678
1884932179
1885497359
1890103561
1890151284
1895040349
1898592801
1901288696
1901540872
1905344646
1910346455
1912008259
1913778154
1917376192
1918034706
1918921592
1922360368
1928118565
1928233566
1930828628
1931509430
1933326657
1933688961
1935061435
1936702581
1939738055
1943352588
1949046312
1953966913
1954285597
1958646067
1959082923
1960697289
1963517098
1964622705
1964976871
1965780489
1967048444
1969229192
1970210993
1970740713
1971116345
1972341776
1972641633
1973504939
1974585249
1978802819
1979620724
1983837138
1986204006
1986311591
1988559211
1988950136
1996681049
1997015361
2008734458
2012795086
2012833557
2013771743
2014406505
2016017442
2017935433
2021180595
2022600352
2022604264
2022689723
2023309182
2024463563
2026698003
2027039028
2029480458
2030369078
2030527826
2031410264
2031584214
2032760103
2033606872
2035449679
2038900010
2039054563
2039073006
2047144929
2048708138
2052976098
2055917747
2060503599
2061249893
2061264776
2064834626
2066350391
2068619238
2068985056
2070268989
2071722846
2073023506
2074694543
2076080514
2079037871
2080708115
2084672536
2088947962
2090754125
2093623155
2094092595
2095866727
2096734379
2097573540
2097670126
2098184298
2098559576
2098597104
2099799816
2101324080
2103192411
2103522059
2104110449
2105006227
2105828892
2107063880
2107193353
2108245233
2112059492
2115022236
2116515161
2116909072
2118822689
2119715473
2122008025
2122460897
2123884617
2130882377
2132285156
2132344176
2138332912
2140457296
2141230976
2143533953
